 3.136465  2.911784  3.135810  2.876610  3.087052  2.782076
 3.039437  2.947043  3.162785  2.875252  3.112209  3.096844
 2.947043  2.875252  3.096844  2.742594  2.853948  2.711428
 2.947043  2.742594  2.853948  2.876610  2.919226  2.833025
 2.911784  2.742594  2.782635  2.876610  2.782076  2.833025
 3.155588  3.097457  2.929983  2.999058  2.882223  2.782076
 2.929983  2.737644  2.782635  2.882223  2.782076  2.833025
 2.874014  2.922354  2.858958  2.975354  2.964729  3.345929
 2.874014  2.922354  2.858958  2.737644  2.756833  2.921131
 2.922354  2.737644  2.921131  2.882223  2.936763  2.833025
 3.096844  2.853948  2.711428  2.947369  2.846592  2.842443
 2.770504  2.853948  2.921131  2.947369  3.118859  2.842443
 2.770504  2.853948  2.921131  2.919226  2.936763  2.833025
 2.770504  2.947369  3.118859  3.047076  2.974406  3.163624
 2.770504  3.088331  2.951339  2.919226  2.936763  3.167689
 2.900083  3.093124  3.226926  2.769025  2.868551  3.070149
 2.900083  2.804268  2.756833  2.769025  2.868551  2.842443
 2.999680  2.928853  3.130497  2.769025  3.198126  2.846592
 2.928853  2.804268  2.711428  2.769025  2.846592  2.842443
 2.858958  2.756833  2.921131  2.868551  3.118859  2.842443
