           1   2.90008307    
           1   2.80426788    
           1   2.75683308    
           1   2.76902509    
           1   2.86855102    
           1   2.84244299    
           2   2.91178393    
           2   2.74259400    
           2   2.78263497    
           2   2.87661004    
           2   2.78207588    
           2   2.83302498    
           3   2.77050400    
           3   2.85394812    
           3   2.92113090    
           3   2.91922593    
           3   2.93676305    
           3   2.83302498    
           4   2.92998290    
           4   2.73764396    
           4   2.78263497    
           4   2.88222289    
           4   2.78207588    
           4   2.83302498    
           5   2.94704294    
           5   2.74259400    
           5   2.85394812    
           5   2.87661004    
           5   2.91922593    
           5   2.83302498    
           6   2.92885303    
           6   2.80426788    
           6   2.71142793    
           6   2.76902509    
           6   2.84659195    
           6   2.84244299    
           7   2.92235398    
           7   2.73764396    
           7   2.92113090    
           7   2.88222289    
           7   2.93676305    
           7   2.83302498    
           8   2.87401390    
           8   2.92235398    
           8   2.85895801    
           8   2.73764396    
           8   2.75683308    
           8   2.92113090    
           9   3.03943706    
           9   2.94704294    
           9   3.16278505    
           9   2.87525201    
           9   3.11220908    
           9   3.09684396    
          10   2.77050400    
          10   2.85394812    
          10   2.92113090    
          10   2.94736910    
          10   3.11885905    
          10   2.84244299    
          11   2.85895801    
          11   2.75683308    
          11   2.92113090    
          11   2.86855102    
          11   3.11885905    
          11   2.84244299    
          12   3.09684396    
          12   2.85394812    
          12   2.71142793    
          12   2.94736910    
          12   2.84659195    
          12   2.84244299    
          13   3.15558791    
          13   3.09745693    
          13   2.92998290    
          13   2.99905801    
          13   2.88222289    
          13   2.78207588    
          14   2.77050400    
          14   3.08833098    
          14   2.95133901    
          14   2.91922593    
          14   2.93676305    
          14   3.16768909    
          15   2.94704294    
          15   2.87525201    
          15   3.09684396    
          15   2.74259400    
          15   2.85394812    
          15   2.71142793    
          16   2.77050400    
          16   2.94736910    
          16   3.11885905    
          16   3.04707599    
          16   2.97440600    
          16   3.16362405    
          17   3.13646507    
          17   2.91178393    
          17   3.13580990    
          17   2.87661004    
          17   3.08705211    
          17   2.78207588    
          18   2.99968004    
          18   2.92885303    
          18   3.13049698    
          18   2.76902509    
          18   3.19812608    
          18   2.84659195    
          19   2.90008307    
          19   3.09312391    
          19   3.22692609    
          19   2.76902509    
          19   2.86855102    
          19   3.07014894    
          20   2.87401390    
          20   2.92235398    
          20   2.85895801    
          20   2.97535396    
          20   2.96472907    
          20   3.34592891    
